178157419 178157419 186205275
26715587 26715587 26831084
73386597 73386597 73675930
36905555 36905555 36940322
32698364 32698364 32714017
27219753 27219753 27351893
26521246 26521246 26621019
26650143 26650143 26744256
36570403 36570403 36570763
51852505 51852505 51953559
36671153 36671153 36744620
27011346 27011346 27143461
N/A N/A N/A
32712105 32712105 32727985
53498323 53498323 53858008
36583125 36583125 36583485
32829044 32829044 33318960
28615414 28615414 28878434
186042438 186042438 194542183
74725305 74725305 74725080
36568321 36568321 36568661
92121032 92121032 99008136
32692124 32692124 32707604
36667375 36667375 36740857
27862930 27862930 28013609
34015605 34015605 35836221
44517369 44517369 44716269
50972340 50972340 53164469
26840097 26840097 26981083
43390873 43390873 44019910
111628189 111628189 115253755
250397940 250397940 264068074
49055675 49055675 49117353
36582015 36582015 36582435
69592170 69592170 70492426
36659343 36659343 36732780
47896170 47896170 47896243
60901513 60901513 61114822
27213258 27213258 27345475
26959983 26959983 27092600
36633696 36633696 36707312
26304533 26304533 26456154
69086526 69086526 75122387
26623260 26623260 26820794
36590384 36590384 36592404
56640437 56640437 57176229
34380829 34380829 34687542
72649808 72649808 76944997
30022704 30022704 30043183
60112100 60112100 60324752
68604587 68604587 69574487
142473281 142473281 148133373
69603791 69603791 70505737



