35206363 36830540 36830540
5695569 5800718 5800718
14673615 14731179 14731179
7922471 7939862 7939862
6612093 6624169 6624169
5924316 6083626 6083626
5772610 5904731 5904731
5743214 5877267 5877267
7311947 7312027 7312027
10531860 10551185 10551185
7422102 7441953 7441953
5832541 5964943 5964943
51449213 54233460 54233460
6633650 6647425 6647425
10627133 10692881 10692881
7318421 7318681 7318681
6802015 6915839 6915839
5772928 5838369 5838369
36727000 38448549 38448549
14945094 14945047 14945047
7336819 7338919 7338919
18547373 19917344 19917344
6608347 6619814 6619814
7443841 7463741 7463741
5384479 5386138 5386138
6178516 6554056 6554056
9110919 9197119 9197119
10813276 11229886 11229886
6051869 6209721 6209721
8700170 8832226 8832226
22505801 23265705 23265705
49940638 52670528 52670508
9759255 9776733 9776733
7327339 7329139 7329139
18613312 19141368 19141368
7421287 7440918 7440918
9580193 9581363 9581363
12350888 12429247 12429247
5942899 6102124 6102124
6005673 6164158 6164158
7425698 7445560 7445560
5435725 5486493 5486493
11498651 12653912 12653912
5549165 5608298 5608298
7309356 7309436 7309436
11101330 11037655 11037655
6995876 7069159 7069159
12981602 13840725 13840725
6086955 6092595 6092595
11418703 11468643 11468643
14286773 14524465 14524449
28081524 29221519 29221519
18605883 19135788 19135788
